neurons, epochs
2,176
3,334
4,41
5,34
6,43
7,40
8,36
9,40
10,28
11,55
12,36
13,38
14,35
15,32
16,26
17,41
18,29
19,34
20,28
21,32
22,33
23,29
24,36
25,31
26,34
27,30
28,29
29,31
2,126
3,43
4,47
5,46
6,58
7,44
8,36
9,35
10,53
11,40
12,30
13,38
14,32
15,30
16,38
17,35
18,36
19,35
20,29
21,28
22,29
23,25
24,29
25,29
26,33
27,29
28,29
29,32
2,221
3,65
4,433
5,35
6,31
7,39
8,31
9,36
10,34
11,35
12,38
13,31
14,40
15,38
16,32
17,33
18,27
19,31
20,31
21,30
22,33
23,27
24,35
25,29
26,33
27,36
28,25
29,34
2,268
3,48
4,37
5,60
6,56
7,37
8,34
9,37
10,54
11,33
12,37
13,29
14,33
15,43
16,36
17,26
18,29
19,28
20,52
21,30
22,31
23,43
24,27
25,28
26,32
27,27
28,31
29,23
2,188
3,89
4,62
5,58
6,40
7,41
8,34
9,34
10,36
11,46
12,31
13,39
14,24
15,28
16,53
17,31
18,28
19,34
20,31
21,28
22,31
23,40
24,33
25,26
26,31
27,39
28,31
29,25
2,197
3,34
4,49
5,39
6,86
7,51
8,44
9,26
10,47
11,42
12,39
13,37
14,35
15,39
16,29
17,43
18,26
19,32
20,37
21,30
22,35
23,31
24,33
25,30
26,28
27,33
28,28
29,35
30,30
31,29
32,28
33,29
34,26
35,27
36,27
37,29
38,33
39,31
40,34
41,36
42,30
43,24
44,34
45,32
46,31
47,33
48,29
49,26
50,26
51,28
52,30
53,27
54,31
55,32
56,27
57,31
58,27
59,25
60,30
61,30
62,28
63,29
64,27
65,25
66,31
67,33
68,31
69,25
70,30
71,28
72,28
73,31
74,26
75,28
76,30
77,27
78,29
79,24
80,26
81,29
82,31
83,30
84,28
85,29
86,31
87,32
88,29
89,27
90,33
91,31
92,31
93,29
94,35
95,28
96,29
97,30
98,27
99,24
2,157
3,97
4,54
5,45
6,29
7,32
8,48
9,41
10,38
11,33
12,33
13,36
14,31
15,38
16,33
17,38
18,32
19,32
20,28
21,29
22,31
23,29
24,27
25,30
26,31
27,28
28,32
29,33
30,29
31,26
32,28
33,29
34,29
35,34
36,32
37,28
38,34
39,28
40,30
41,25
42,28
43,38
44,33
45,28
46,26
47,24
48,27
49,29
50,24
51,31
52,27
53,30
54,29
55,27
56,25
57,27
58,32
59,27
60,28
61,27
62,27
63,30
64,29
65,25
66,29
67,33
68,29
69,25
70,27
71,30
72,25
73,23
74,26
75,25
76,30
77,30
78,24
79,25
80,31
81,25
82,26
83,29
84,24
85,28
86,29
87,27
88,27
89,28
90,27
91,26
92,32
93,25
94,30
95,31
96,31
97,31
98,30
99,25
2,162
3,1264
4,37
5,68
6,34
7,41
8,45
9,31
10,38
11,31
12,46
13,32
14,36
15,29
16,28
17,30
18,30
19,30
20,39
21,32
22,33
23,30
24,33
25,36
26,27
27,31
28,36
29,38
30,30
31,28
32,33
33,32
34,26
35,29
36,31
37,30
38,33
39,27
40,29
41,27
42,30
43,24
44,29
45,27
46,29
47,26
48,30
49,29
50,30
51,26
52,31
53,28
54,26
55,25
56,27
57,21
58,32
59,28
60,29
61,28
62,31
63,30
64,25
65,27
66,32
67,29
68,23
69,27
70,26
71,28
72,28
73,32
74,28
75,26
76,26
77,29
78,25
79,29
80,23
81,29
82,29
83,25
84,28
85,26
86,25
87,29
88,25
89,30
90,31
91,29
92,29
93,31
94,24
95,27
96,27
97,25
98,27
99,29
2,199
3,65
4,92
5,27
6,38
7,60
8,35
9,30
10,38
11,34
12,34
13,32
14,32
15,39
16,30
17,34
18,33
19,45
20,33
21,32
22,34
23,26
24,37
25,27
26,26
27,30
28,30
29,32
30,29
31,28
32,30
33,31
34,32
35,27
36,26
37,31
38,29
39,25
40,28
41,24
42,28
43,31
44,31
45,24
46,30
47,28
48,25
49,26
50,27
51,32
52,29
53,30
54,34
55,31
56,26
57,32
58,27
59,27
60,32
61,27
62,32
63,30
64,27
65,28
66,25
67,27
68,31
69,25
70,27
71,32
72,26
73,27
74,23
75,27
76,24
77,29
78,30
79,28
80,27
81,32
82,27
83,29
84,27
85,29
86,29
87,26
88,27
89,31
90,25
91,21
92,29
93,26
94,29
95,30
96,27
97,29
98,25
99,29
2,189
3,78
4,82
5,43
6,46
7,49
8,43
9,37
10,40
11,41
12,39
13,33
14,38
15,31
16,34
17,34
18,40
19,43
20,32
21,28
22,37
23,29
24,32
25,31
26,29
27,31
28,25
29,23
30,33
31,29
32,28
33,27
34,32
35,35
36,33
37,34
38,29
39,35
40,26
41,29
42,31
43,28
44,26
45,25
46,27
47,31
48,28
49,29
50,26
51,23
52,31
53,24
54,31
55,26
56,33
57,27
58,28
59,28
60,29
61,28
62,31
63,34
64,30
65,27
66,28
67,24
68,29
69,30
70,29
71,29
72,31
73,29
74,26
75,30
76,29
77,27
78,29
79,28
80,27
81,28
82,27
83,30
84,29
85,28
86,29
87,25
88,30
89,26
90,31
91,29
92,28
93,27
94,31
95,29
96,27
97,30
98,28
99,33
2,145
3,38
4,33
5,39
6,35
7,33
8,50
9,42
10,33
11,30
12,38
13,40
14,22
15,32
16,39
17,42
18,41
19,31
20,40
21,32
22,29
23,36
24,35
25,34
26,30
27,30
28,28
29,28
30,31
31,32
32,34
33,28
34,26
35,28
36,25
37,29
38,31
39,30
40,29
41,30
42,30
43,34
44,25
45,28
46,32
47,30
48,29
49,25
50,29
51,31
52,26
53,33
54,26
55,27
56,28
57,28
58,27
59,27
60,27
61,26
62,26
63,29
64,28
65,30
66,28
67,25
68,27
69,28
70,30
71,27
72,30
73,32
74,32
75,26
76,29
77,31
78,27
79,28
80,30
81,27
82,31
83,29
84,27
85,31
86,30
87,29
88,30
89,29
90,30
91,33
92,28
93,27
94,31
95,31
96,31
97,25
98,27
99,30
2,132
3,31
4,68
5,39
6,46
7,37
8,25
9,63
10,35
11,27
12,38
13,40
14,35
15,27
16,34
17,31
18,31
19,30
20,32
21,32
22,28
23,35
24,33
25,32
26,35
27,31
28,29
29,27
30,31
31,27
32,29
33,31
34,30
35,25
36,31
37,31
38,24
39,25
40,27
41,30
42,30
43,28
44,31
45,26
46,32
47,28
48,31
49,26
50,30
51,27
52,27
53,28
54,26
55,32
56,32
57,29
58,29
59,33
60,30
61,32
62,28
63,26
64,27
65,27
66,31
67,23
68,27
69,30
70,30
71,26
72,24
73,26
74,30
75,26
76,27
77,30
78,32
79,28
80,31
81,35
82,32
83,27
84,28
85,32
86,28
87,29
88,29
89,30
90,29
91,31
92,32
93,24
94,29
95,28
96,29
97,28
98,28
99,28
2,119
3,76
4,43
5,39
6,58
7,33
8,33
9,36
10,38
11,36
12,32
13,38
14,41
15,41
16,42
17,32
18,30
19,36
20,34
21,34
22,36
23,40
24,46
25,27
26,34
27,31
28,27
29,27
30,26
31,27
32,24
33,27
34,28
35,28
36,31
37,33
38,28
39,33
40,35
41,30
42,24
43,29
44,36
45,27
46,27
47,25
48,27
49,26
50,30
51,29
52,31
53,30
54,27
55,29
56,22
57,32
58,27
59,30
60,25
61,27
62,22
63,33
64,30
65,26
66,30
67,30
68,28
69,28
70,30
71,36
72,29
73,30
74,27
75,30
76,28
77,30
78,28
79,29
80,30
81,24
82,33
83,26
84,32
85,33
86,28
87,29
88,32
89,30
90,30
91,27
92,26
93,25
94,28
95,28
96,29
97,26
98,26
99,29
2,39
3,41
4,83
5,33
6,34
7,357
8,55
9,34
10,33
11,26
12,39
13,38
14,43
15,34
16,40
17,35
18,29
19,31
20,27
21,41
22,33
23,28
24,27
25,30
26,34
27,30
28,30
29,29
30,31
31,32
32,30
33,25
34,25
35,30
36,29
37,31
38,33
39,28
40,30
41,29
42,29
43,36
44,28
45,27
46,26
47,26
48,27
49,28
50,24
51,28
52,29
53,30
54,36
55,27
56,29
57,30
58,30
59,31
60,28
61,27
62,28
63,29
64,30
65,26
66,32
67,28
68,28
69,27
70,27
71,30
72,27
73,28
74,25
75,23
76,27
77,30
78,26
79,29
80,29
81,31
82,30
83,26
84,27
85,31
86,29
87,24
88,28
89,21
90,29
91,29
92,25
93,26
94,28
95,32
96,28
97,31
98,25
99,26
2,169
3,74
4,45
5,27
6,66
7,36
8,30
9,44
10,34
11,29
12,34
13,34
14,34
15,29
16,32
17,36
18,33
19,32
20,29
21,26
22,44
23,29
24,32
25,29
26,33
27,34
28,29
29,24
30,32
31,35
32,28
33,33
34,31
35,25
36,31
37,25
38,29
39,27
40,29
41,42
42,38
43,27
44,28
45,28
46,29
47,27
48,33
49,32
50,28
51,31
52,24
53,29
54,31
55,27
56,28
57,23
58,27
59,27
60,25
61,27
62,33
63,30
64,27
65,28
66,26
67,28
68,31
69,29
70,30
71,24
72,30
73,27
74,26
75,27
76,29
77,30
78,26
79,30
80,24
81,31
82,26
83,28
84,29
85,29
86,28
87,31
88,27
89,30
90,29
91,28
92,31
93,28
94,28
95,27
96,27
97,26
98,30
99,35
2,14965
3,707
4,49
5,57
6,39
7,37
8,33
9,34
10,41
11,38
12,43
13,34
14,61
15,27
16,36
17,26
18,39
19,35
20,30
21,36
22,28
23,29
24,28
25,29
26,35
27,35
28,31
29,26
30,32
31,25
32,32
33,26
34,31
35,29
36,30
37,30
38,30
39,41
40,34
41,28
42,38
43,31
44,27
45,33
46,28
47,29
48,30
49,24
50,27
51,28
52,25
53,32
54,32
55,29
56,24
57,27
58,26
59,30
60,26
61,35
62,29
63,33
64,31
65,25
66,29
67,33
68,27
69,28
70,27
71,31
72,31
73,33
74,26
75,30
76,26
77,27
78,29
79,30
80,30
81,27
82,26
83,29
84,27
85,26
86,26
87,28
88,30
89,29
90,27
91,31
92,30
93,26
94,30
95,31
96,26
97,29
98,28
99,29
2,185
3,48
4,81
5,48
6,82
7,50
8,47
9,39
10,38
11,30
12,40
13,36
14,29
15,32
16,29
17,37
18,27
19,38
20,28
21,36
22,36
23,34
24,27
25,37
26,31
27,36
28,27
29,34
30,27
31,30
32,24
33,30
34,29
35,42
36,26
37,33
38,26
39,29
40,26
41,35
42,32
43,30
44,28
45,29
46,32
47,28
48,30
49,33
50,28
51,28
52,27
53,26
54,30
55,27
56,33
57,28
58,31
59,27
60,29
61,26
62,31
63,34
64,34
65,31
66,27
67,32
68,30
69,28
70,30
71,31
72,35
73,30
74,27
75,27
76,23
77,30
78,30
79,34
80,28
81,26
82,30
83,30
84,27
85,29
86,26
87,26
88,25
89,25
90,30
91,29
92,28
93,31
94,23
95,30
96,28
97,32
98,29
99,28
2,87
3,131
4,101
5,52
6,40
7,119
8,29
9,35
10,27
11,40
12,37
13,35
14,28
15,28
16,43
17,34
18,33
19,37
20,35
21,31
22,28
23,31
24,28
25,40
26,33
27,27
28,28
29,32
30,31
31,24
32,37
33,40
34,30
35,33
36,30
37,33
38,35
39,31
40,29
41,31
42,32
43,26
44,28
45,30
46,28
47,35
48,25
49,28
50,28
51,29
52,31
53,32
54,29
55,29
56,29
57,27
58,30
59,29
60,30
61,28
62,31
63,26
64,28
65,29
66,28
67,28
68,28
69,24
70,26
71,25
72,27
73,29
74,31
75,31
76,32
77,29
78,28
79,24
80,27
81,32
82,28
83,29
84,26
85,29
86,29
87,29
88,35
89,29
90,29
91,28
92,29
93,28
94,29
95,31
96,29
97,33
98,28
99,30
2,137
3,101
4,60
5,86
6,44
7,30
8,36
9,37
10,53
11,34
12,29
13,41
14,25
15,34
16,32
17,29
18,31
19,32
20,29
21,32
22,27
23,31
24,28
25,30
26,32
27,33
28,30
29,30
30,36
31,27
32,32
33,34
34,28
35,25
36,32
37,27
38,34
39,30
40,32
41,28
42,26
43,30
44,29
45,26
46,30
47,27
48,27
49,27
50,25
51,25
52,27
53,33
54,27
55,30
56,23
57,27
58,33
59,27
60,31
61,28
62,25
63,25
64,26
65,29
66,30
67,30
68,28
69,31
70,27
71,27
72,30
73,28
74,29
75,24
76,27
77,27
78,33
79,28
80,25
81,28
82,24
83,28
84,26
85,29
86,29
87,28
88,30
89,30
90,30
91,26
92,25
93,30
94,25
95,25
96,26
97,29
98,31
99,30
2,120
3,29
4,45
5,62
6,38
7,34
8,35
9,36
10,36
11,41
12,34
13,33
14,30
15,32
16,36
17,31
18,28
19,39
20,28
21,36
22,26
23,34
24,33
25,36
26,30
27,25
28,34
29,32
30,33
31,31
32,39
33,30
34,27
35,30
36,33
37,34
38,32
39,26
40,30
41,32
42,35
43,29
44,32
45,29
46,30
47,28
48,28
49,29
50,27
51,30
52,29
53,28
54,31
55,26
56,27
57,28
58,31
59,28
60,31
61,26
62,24
63,29
64,27
65,30
66,30
67,30
68,30
69,31
70,26
71,26
72,27
73,26
74,30
75,29
76,29
77,25
78,30
79,31
80,33
81,26
82,27
83,28
84,30
85,28
86,29
87,31
88,26
89,27
90,25
91,33
92,29
93,26
94,34
95,29
96,29
97,24
98,27
99,29
2,226
3,433
4,60
5,45
6,30
7,35
8,34
9,35
10,35
11,27
12,38
13,41
14,29
15,73
16,35
17,30
18,27
19,26
20,34
21,31
22,28
23,30
24,27
25,31
26,27
27,28
28,36
29,29
30,32
31,30
32,35
33,31
34,31
35,30
36,28
37,31
38,36
39,34
40,29
41,27
42,29
43,29
44,29
45,30
46,26
47,33
48,26
49,25
50,29
51,40
52,31
53,29
54,26
55,29
56,28
57,33
58,27
59,34
60,31
61,26
62,29
63,28
64,30
65,28
66,28
67,27
68,24
69,27
70,32
71,24
72,27
73,32
74,30
75,30
76,29
77,34
78,27
79,30
80,26
81,28
82,25
83,33
84,30
85,26
86,29
87,30
88,31
89,28
90,27
91,25
92,29
93,28
94,29
95,30
96,28
97,29
98,31
99,31
2,87
3,121
4,76
5,32
6,48
7,37
8,39
9,34
10,64
11,29
12,32
13,43
14,36
15,34
16,33
17,30
18,39
19,33
20,29
21,26
22,30
23,29
24,29
25,29
26,27
27,32
28,30
29,33
30,34
31,28
32,34
33,24
34,29
35,29
36,29
37,34
38,28
39,29
40,27
41,30
42,28
43,37
44,29
45,27
46,26
47,29
48,28
49,32
50,29
51,23
52,32
53,31
54,31
55,27
56,26
57,28
58,35
59,34
60,29
61,29
62,31
63,24
64,26
65,32
66,29
67,28
68,28
69,30
70,29
71,28
72,29
73,28
74,29
75,32
76,29
77,28
78,28
79,30
80,27
81,26
82,29
83,30
84,28
85,32
86,27
87,28
88,26
89,28
90,29
91,24
92,29
93,24
94,29
95,30
96,32
97,25
98,27
99,30
2,59
3,59
4,191
5,37
6,36
7,37
8,34
9,38
10,44
11,35
12,47
13,35
14,32
15,38
16,36
17,27
18,25
19,35
20,35
21,32
22,27
23,36
24,33
25,33
26,36
27,30
28,28
29,34
30,28
31,35
32,29
33,27
34,26
35,33
36,30
37,29
38,33
39,30
40,35
41,31
42,33
43,32
44,33
45,26
46,29
47,27
48,30
49,27
50,26
51,29
52,30
53,27
54,30
55,29
56,32
57,32
58,30
59,30
60,24
61,30
62,30
63,32
64,28
65,28
66,28
67,25
68,30
69,27
70,30
71,26
72,31
73,31
74,30
75,30
76,30
77,36
78,25
79,26
80,27
81,25
82,29
83,26
84,27
85,25
86,31
87,26
88,30
89,34
90,32
91,28
92,25
93,30
94,29
95,25
96,31
97,29
98,29
99,35
2,340
3,121
4,90
5,99
6,39
7,58
8,57
9,35
10,31
11,47
12,30
13,33
14,33
15,31
16,31
17,37
18,35
19,28
20,27
21,34
22,35
23,32
24,34
25,28
26,33
27,32
28,28
29,34
30,31
31,28
32,29
33,31
34,35
35,30
36,34
37,29
38,25
39,30
40,30
41,37
42,28
43,29
44,30
45,30
46,28
47,29
48,27
49,30
50,37
51,28
52,25
53,26
54,29
55,28
56,32
57,27
58,25
59,29
60,26
61,25
62,29
63,33
64,30
65,34
66,30
67,31
68,30
69,33
70,31
71,27
72,26
73,26
74,31
75,29
76,30
77,31
78,26
79,24
80,28
81,32
82,31
83,30
84,27
85,28
86,30
87,31
88,31
89,26
90,26
91,29
92,28
93,30
94,26
95,29
96,33
97,28
98,32
99,30
2,117
3,81
4,36
5,46
6,45
7,44
8,32
9,34
10,46
11,37
12,57
13,37
14,47
15,31
16,33
17,31
18,34
19,32
20,37
21,28
22,31
23,36
24,31
25,36
26,32
27,32
28,25
29,40
30,25
31,33
32,29
33,31
34,26
35,31
36,31
37,30
38,29
39,28
40,28
41,28
42,33
43,29
44,26
45,25
46,28
47,26
48,29
49,31
50,30
51,28
52,28
53,28
54,27
55,26
56,27
57,28
58,28
59,28
60,28
61,28
62,33
63,27
64,23
65,32
66,31
67,28
68,28
69,27
70,28
71,28
72,30
73,26
74,30
75,28
76,29
77,23
78,26
79,24
80,26
81,26
82,27
83,27
84,33
85,28
86,26
87,28
88,29
89,28
90,30
91,27
92,28
93,29
94,26
95,28
96,26
97,28
98,26
99,28
2,555295
3,102
4,55
5,71
6,40
7,38
8,52
9,83
10,43
11,35
12,32
13,31
14,31
15,36
16,33
17,32
18,32
19,28
20,32
21,35
22,28
23,26
24,33
25,30
26,29
27,33
28,33
29,26
30,27
31,26
32,31
33,28
34,34
35,27
36,29
37,33
38,31
39,28
40,23
41,31
42,28
43,34
44,31
45,25
46,29
47,34
48,27
49,26
50,36
51,25
52,32
53,29
54,34
55,30
56,32
57,32
58,30
59,28
60,28
61,27
62,26
63,29
64,31
65,27
66,28
67,32
68,23
69,26
70,27
71,30
72,27
73,28
74,31
75,30
76,26
77,28
78,29
79,32
80,27
81,28
82,32
83,25
84,27
85,27
86,25
87,29
88,26
89,31
90,30
91,26
92,26
93,27
94,24
95,30
96,26
97,26
98,30
99,28
2,81
3,54
4,51
5,41
6,35
7,38
8,30
9,36
10,42
11,31
12,25
13,35
14,29
15,37
16,32
17,31
18,33
19,33
20,26
21,29
22,34
23,27
24,39
25,35
26,32
27,28
28,29
29,27
30,30
31,27
32,35
33,26
34,32
35,32
36,32
37,23
38,30
39,31
40,30
41,27
42,33
43,29
44,32
45,30
46,27
47,28
48,28
49,28
50,29
51,32
52,28
53,27
54,34
55,31
56,30
57,30
58,27
59,34
60,29
61,26
62,29
63,30
64,31
65,29
66,27
67,27
68,32
69,30
70,27
71,27
72,29
73,25
74,26
75,28
76,29
77,32
78,27
79,27
80,31
81,31
82,22
83,30
84,27
85,25
86,26
87,31
88,29
89,34
90,28
91,29
92,29
93,28
94,27
95,28
96,29
97,29
98,32
99,28
2,113
3,44
4,82
5,39
6,32
7,40
8,31
9,37
10,35
11,34
12,36
13,36
14,33
15,38
16,36
17,43
18,39
19,33
20,27
21,32
22,28
23,35
24,26
25,33
26,32
27,35
28,31
29,31
30,29
31,29
32,26
33,35
34,29
35,29
36,24
37,31
38,32
39,28
40,26
41,29
42,31
43,28
44,32
45,30
46,32
47,29
48,33
49,32
50,27
51,27
52,28
53,31
54,31
55,31
56,31
57,26
58,25
59,29
60,28
61,30
62,28
63,24
64,30
65,30
66,30
67,30
68,32
69,28
70,27
71,30
72,27
73,31
74,33
75,30
76,26
77,29
78,25
79,29
80,31
81,28
82,31
83,28
84,29
85,29
86,30
87,28
88,31
89,22
90,28
91,32
92,30
93,28
94,27
95,28
96,27
97,28
98,28
99,25
2,275
3,164
4,33
5,145
6,48
7,40
8,27
9,33
10,34
11,32
12,38
13,36
14,33
15,30
16,37
17,37
18,30
19,33
20,34
21,34
22,36
23,31
24,42
25,35
26,28
27,38
28,27
29,36
30,32
31,31
32,27
33,28
34,29
35,33
36,28
37,28
38,27
39,29
40,31
41,30
42,28
43,31
44,27
45,26
46,34
47,24
48,31
49,28
50,27
51,30
52,27
53,28
54,33
55,27
56,26
57,26
58,29
59,31
60,35
61,37
62,33
63,27
64,29
65,28
66,33
67,26
68,28
69,33
70,29
71,31
72,25
73,30
74,31
75,27
76,25
77,29
78,28
79,31
80,27
81,25
82,27
83,25
84,25
85,29
86,26
87,29
88,31
89,27
90,31
91,25
92,28
93,27
94,27
95,27
96,27
97,30
98,29
99,26
2,82
3,53
4,40
5,35
6,44
7,36
8,35
9,31
10,37
11,37
12,28
13,35
14,36
15,38
16,35
17,29
18,35
19,35
20,37
21,31
22,30
23,30
24,29
25,43
26,42
27,33
28,27
29,33
30,29
31,30
32,29
33,25
34,34
35,32
36,28
37,28
38,30
39,27
40,31
41,28
42,26
43,27
44,29
45,27
46,30
47,24
48,28
49,28
50,28
51,26
52,24
53,27
54,28
55,27
56,28
57,36
58,27
59,30
60,30
61,30
62,28
63,29
64,29
65,29
66,31
67,28
68,31
69,28
70,30
71,26
72,29
73,30
74,20
75,28
76,26
77,29
78,28
79,29
80,26
81,29
82,29
83,31
84,26
85,25
86,28
87,27
88,30
89,32
90,26
91,28
92,32
93,28
94,26
95,30
96,27
97,26
98,26
99,29
2,229
3,89
4,57
5,69
6,37
7,37
8,36
9,29
10,27
11,41
12,46
13,46
14,37
15,45
16,33
17,36
18,28
19,32
20,37
21,36
22,28
23,31
24,29
25,33
26,24
27,32
28,36
29,30
30,27
31,30
32,29
33,34
34,30
35,32
36,24
37,35
38,30
39,27
40,31
41,29
42,26
43,31
44,30
45,26
46,36
47,28
48,25
49,29
50,30
51,32
52,27
53,30
54,29
55,28
56,30
57,26
58,29
59,30
60,26
61,30
62,32
63,34
64,27
65,27
66,27
67,24
68,27
69,30
70,27
71,28
72,26
73,30
74,28
75,30
76,30
77,30
78,35
79,21
80,25
81,31
82,29
83,26
84,26
85,24
86,28
87,27
88,27
89,32
90,32
91,25
92,30
93,28
94,30
95,25
96,27
97,24
98,28
99,27
2,102
3,199
4,51
5,60
6,38
7,27
8,50
9,30
10,26
11,35
12,35
13,33
14,31
15,35
16,31
17,33
18,41
19,29
20,31
21,28
22,29
23,26
24,32
25,28
26,31
27,31
28,29
29,25
30,27
31,33
32,30
33,29
34,26
35,27
36,32
37,31
38,26
39,25
40,28
41,29
42,31
43,29
44,28
45,25
46,27
47,25
48,30
49,30
50,33
51,27
52,26
53,29
54,29
55,31
56,32
57,33
58,29
59,25
60,27
61,26
62,28
63,33
64,24
65,27
66,26
67,29
68,26
69,25
70,25
71,29
72,30
73,27
74,31
75,25
76,28
77,25
78,32
79,28
80,27
81,29
82,35
83,29
84,27
85,29
86,28
87,28
88,27
89,25
90,27
91,26
92,31
93,32
94,28
95,26
96,29
97,31
98,28
99,24
2,117
3,60
4,33
5,103
6,46
7,37
8,66
9,30
10,40
11,30
12,32
13,40
14,37
15,39
16,25
17,37
18,26
19,26
20,27
21,28
22,25
23,35
24,30
25,33
26,32
27,30
28,28
29,36
30,23
31,27
32,25
33,29
34,24
35,31
36,27
37,32
38,26
39,27
40,30
41,29
42,31
43,30
44,27
45,27
46,32
47,26
48,26
49,27
50,32
51,31
52,27
53,28
54,28
55,27
56,26
57,25
58,29
59,29
60,26
61,30
62,27
63,33
64,25
65,31
66,25
67,32
68,30
69,26
70,32
71,27
72,28
73,29
74,27
75,30
76,33
77,32
78,27
79,31
80,34
81,25
82,27
83,29
84,26
85,27
86,28
87,27
88,28
89,27
90,19
91,25
92,37
93,23
94,31
95,27
96,27
97,31
98,29
99,27
2,78
3,240
4,29
5,28
6,45
7,56
8,30
9,44
10,35
11,39
12,33
13,36
14,24
15,30
16,29
17,29
18,31
19,31
20,32
21,29
22,28
23,27
24,39
25,27
26,43
27,30
28,29
29,32
30,28
31,38
32,29
33,27
34,27
35,29
36,31
37,31
38,26
39,24
40,27
41,33
42,30
43,30
44,30
45,30
46,26
47,30
48,28
49,34
50,27
51,31
52,32
53,27
54,31
55,30
56,27
57,25
58,32
59,28
60,23
61,26
62,24
63,31
64,26
65,26
66,26
67,29
68,29
69,26
70,31
71,31
72,33
73,27
74,25
75,29
76,30
77,27
78,28
79,25
80,29
81,29
82,30
83,25
84,29
85,26
86,25
87,30
88,27
89,26
90,29
91,27
92,24
93,29
94,28
95,29
96,25
97,22
98,30
99,32
2,711407
3,71
4,55
5,52
6,38
7,49
8,41
9,39
10,35
11,41
12,36
13,36
14,40
15,31
16,25
17,31
18,33
19,25
20,37
21,32
22,39
23,26
24,29
25,33
26,24
27,34
28,35
29,27
30,27
31,35
32,30
33,26
34,33
35,27
36,33
37,32
38,27
39,34
40,34
41,28
42,30
43,27
44,29
45,29
46,30
47,28
48,31
49,26
50,26
51,27
52,28
53,32
54,28
55,29
56,31
57,27
58,27
59,27
60,28
61,29
62,25
63,32
64,32
65,34
66,28
67,34
68,30
69,31
70,28
71,27
72,28
73,28
74,25
75,27
76,31
77,26
78,30
79,35
80,31
81,27
82,28
83,31
84,28
85,26
86,27
87,28
88,30
89,24
90,30
91,27
92,30
93,29
94,29
95,28
96,24
97,25
98,27
99,29
2,216
3,532
4,38
5,30
6,36
7,48
8,34
9,29
10,38
11,31
12,42
13,29
14,35
15,26
16,45
17,32
18,34
19,33
20,37
21,31
22,51
23,25
24,31
25,33
26,33
27,35
28,26
29,30
30,29
31,26
32,26
33,29
34,27
35,28
36,27
37,26
38,28
39,30
40,30
41,27
42,36
43,30
44,37
45,34
46,27
47,26
48,26
49,30
50,27
51,28
52,27
53,25
54,27
55,33
56,28
57,30
58,28
59,28
60,26
61,28
62,33
63,29
64,32
65,28
66,26
67,33
68,29
69,28
70,29
71,31
72,22
73,36
74,29
75,28
76,29
77,28
78,27
79,33
80,30
81,27
82,30
83,23
84,28
85,26
86,26
87,30
88,26
89,26
90,29
91,28
92,26
93,24
94,27
95,28
96,30
97,32
98,31
99,27
2,204
3,81
4,37
5,37
6,54
7,44
8,39
9,48
10,33
11,50
12,49
13,33
14,46
15,34
16,31
17,31
18,31
19,32
20,46
21,26
22,35
23,34
24,29
25,33
26,28
27,27
28,28
29,38
30,35
31,27
32,35
33,24
34,33
35,25
36,33
37,33
38,29
39,24
40,29
41,30
42,29
43,29
44,33
45,30
46,32
47,36
48,27
49,28
50,26
51,30
52,30
53,28
54,30
55,36
56,31
57,35
58,31
59,29
60,33
61,27
62,28
63,31
64,26
65,29
66,29
67,28
68,28
69,29
70,26
71,31
72,29
73,29
74,25
75,30
76,30
77,27
78,26
79,27
80,30
81,31
82,22
83,28
84,31
85,27
86,30
87,32
88,31
89,24
90,26
91,25
92,25
93,28
94,28
95,21
96,21
97,30
98,28
99,31
2,197
3,91
4,99
5,37
6,52
7,40
8,38
9,30
10,40
11,34
12,31
13,34
14,36
15,43
16,29
17,33
18,39
19,31
20,28
21,33
22,32
23,28
24,27
25,28
26,34
27,27
28,36
29,33
30,30
31,31
32,29
33,30
34,30
35,30
36,29
37,29
38,30
39,31
40,31
41,31
42,27
43,29
44,31
45,24
46,29
47,32
48,31
49,34
50,29
51,28
52,29
53,30
54,29
55,30
56,33
57,31
58,30
59,28
60,24
61,26
62,30
63,32
64,29
65,29
66,27
67,23
68,31
69,27
70,30
71,31
72,35
73,24
74,26
75,28
76,30
77,27
78,26
79,26
80,30
81,27
82,28
83,32
84,25
85,26
86,27
87,29
88,26
89,30
90,20
91,24
92,33
93,28
94,28
95,25
96,27
97,30
98,26
99,28
2,108
3,36
4,55
5,417
6,40
7,59
8,38
9,36
10,45
11,37
12,32
13,55
14,33
15,31
16,44
17,33
18,28
19,36
20,31
21,51
22,32
23,32
24,26
25,30
26,33
27,32
28,30
29,26
30,37
31,29
32,26
33,32
34,30
35,24
36,37
37,33
38,33
39,32
40,31
41,29
42,27
43,33
44,28
45,29
46,31
47,30
48,29
49,28
50,24
51,29
52,27
53,23
54,30
55,27
56,27
57,28
58,26
59,32
60,26
61,30
62,30
63,31
64,25
65,32
66,29
67,30
68,30
69,28
70,31
71,32
72,27
73,27
74,29
75,29
76,30
77,27
78,29
79,27
80,30
81,30
82,22
83,27
84,30
85,33
86,25
87,28
88,27
89,30
90,31
91,28
92,29
93,25
94,28
95,24
96,28
97,32
98,25
99,31
2,80
3,42
4,47
5,45
6,33
7,35
8,48
9,36
10,43
11,42
12,29
13,33
14,28
15,31
16,65
17,36
18,28
19,37
20,31
21,33
22,28
23,27
24,31
25,26
26,31
27,30
28,31
29,27
30,44
31,26
32,31
33,29
34,32
35,27
36,36
37,35
38,31
39,28
40,27
41,31
42,31
43,25
44,31
45,33
46,25
47,28
48,27
49,35
50,28
51,28
52,35
53,29
54,30
55,23
56,28
57,29
58,30
59,28
60,27
61,27
62,30
63,28
64,28
65,28
66,28
67,30
68,31
69,27
70,26
71,35
72,26
73,24
74,33
75,30
76,27
77,26
78,27
79,28
80,30
81,24
82,28
83,28
84,25
85,28
86,22
87,25
88,28
89,26
90,34
91,30
92,26
93,28
94,30
95,28
96,26
97,29
98,29
99,29
2,197
3,34
4,49
5,39
6,86
7,51
8,44
9,26
10,47
11,42
12,39
13,37
14,35
15,39
16,29
17,43
18,26
19,32
20,37
21,30
22,35
23,31
24,33
25,30
26,28
27,33
28,28
29,35
30,30
31,29
32,28
33,29
34,26
35,27
36,27
37,29
38,33
39,31
40,34
41,36
42,30
43,24
44,34
45,32
46,31
47,33
48,29
49,26
50,26
51,28
52,30
53,27
54,31
55,32
56,27
57,31
58,27
59,25
60,30
61,30
62,28
63,29
64,27
65,25
66,31
67,33
68,31
69,25
70,30
71,28
72,28
73,31
74,26
75,28
76,30
77,27
78,29
79,24
80,26
81,29
82,31
83,30
84,28
85,29
86,31
87,32
88,29
89,27
90,33
91,31
92,31
93,29
94,35
95,28
96,29
97,30
98,27
99,24
2,157
3,97
4,54
5,45
6,29
7,32
8,48
9,41
10,38
11,33
12,33
13,36
14,31
15,38
16,33
17,38
18,32
19,32
20,28
21,29
22,31
23,29
24,27
25,30
26,31
27,28
28,32
29,33
30,29
31,26
32,28
33,29
34,29
35,34
36,32
37,28
38,34
39,28
40,30
41,25
42,28
43,38
44,33
45,28
46,26
47,24
48,27
49,29
50,24
51,31
52,27
53,30
54,29
55,27
56,25
57,27
58,32
59,27
60,28
61,27
62,27
63,30
64,29
65,25
66,29
67,33
68,29
69,25
70,27
71,30
72,25
73,23
74,26
75,25
76,30
77,30
78,24
79,25
80,31
81,25
82,26
83,29
84,24
85,28
86,29
87,27
88,27
89,28
90,27
91,26
92,32
93,25
94,30
95,31
96,31
97,31
98,30
99,25
2,162
3,1264
4,37
5,68
6,34
7,41
8,45
9,31
10,38
11,31
12,46
13,32
14,36
15,29
16,28
17,30
18,30
19,30
20,39
21,32
22,33
23,30
24,33
25,36
26,27
27,31
28,36
29,38
30,30
31,28
32,33
33,32
34,26
35,29
36,31
37,30
38,33
39,27
40,29
41,27
42,30
43,24
44,29
45,27
46,29
47,26
48,30
49,29
50,30
51,26
52,31
53,28
54,26
55,25
56,27
57,21
58,32
59,28
60,29
61,28
62,31
63,30
64,25
65,27
66,32
67,29
68,23
69,27
70,26
71,28
72,28
73,32
74,28
75,26
76,26
77,29
78,25
79,29
80,23
81,29
82,29
83,25
84,28
85,26
86,25
87,29
88,25
89,30
90,31
91,29
92,29
93,31
94,24
95,27
96,27
97,25
98,27
99,29
2,199
3,65
4,92
5,27
6,38
7,60
8,35
9,30
10,38
11,34
12,34
13,32
14,32
15,39
16,30
17,34
18,33
19,45
20,33
21,32
22,34
23,26
24,37
25,27
26,26
27,30
28,30
29,32
30,29
31,28
32,30
33,31
34,32
35,27
36,26
37,31
38,29
39,25
40,28
41,24
42,28
43,31
44,31
45,24
46,30
47,28
48,25
49,26
50,27
51,32
52,29
53,30
54,34
55,31
56,26
57,32
58,27
59,27
60,32
61,27
62,32
63,30
64,27
65,28
66,25
67,27
68,31
69,25
70,27
71,32
72,26
73,27
74,23
75,27
76,24
77,29
78,30
79,28
80,27
81,32
82,27
83,29
84,27
85,29
86,29
87,26
88,27
89,31
90,25
91,21
92,29
93,26
94,29
95,30
96,27
97,29
98,25
99,29
2,189
3,78
4,82
5,43
6,46
7,49
8,43
9,37
10,40
11,41
12,39
13,33
14,38
15,31
16,34
17,34
18,40
19,43
20,32
21,28
22,37
23,29
24,32
25,31
26,29
27,31
28,25
29,23
30,33
31,29
32,28
33,27
34,32
35,35
36,33
37,34
38,29
39,35
40,26
41,29
42,31
43,28
44,26
45,25
46,27
47,31
48,28
49,29
50,26
51,23
52,31
53,24
54,31
55,26
56,33
57,27
58,28
59,28
60,29
61,28
62,31
63,34
64,30
65,27
66,28
67,24
68,29
69,30
70,29
71,29
72,31
73,29
74,26
75,30
76,29
77,27
78,29
79,28
80,27
81,28
82,27
83,30
84,29
85,28
86,29
87,25
88,30
89,26
90,31
91,29
92,28
93,27
94,31
95,29
96,27
97,30
98,28
99,33
2,145
3,38
4,33
5,39
6,35
7,33
8,50
9,42
10,33
11,30
12,38
13,40
14,22
15,32
16,39
17,42
18,41
19,31
20,40
21,32
22,29
23,36
24,35
25,34
26,30
27,30
28,28
29,28
30,31
31,32
32,34
33,28
34,26
35,28
36,25
37,29
38,31
39,30
40,29
41,30
42,30
43,34
44,25
45,28
46,32
47,30
48,29
49,25
50,29
51,31
52,26
53,33
54,26
55,27
56,28
57,28
58,27
59,27
60,27
61,26
62,26
63,29
64,28
65,30
66,28
67,25
68,27
69,28
70,30
71,27
72,30
73,32
74,32
75,26
76,29
77,31
78,27
79,28
80,30
81,27
82,31
83,29
84,27
85,31
86,30
87,29
88,30
89,29
90,30
91,33
92,28
93,27
94,31
95,31
96,31
97,25
98,27
99,30
2,132
3,31
4,68
5,39
6,46
7,37
8,25
9,63
10,35
11,27
12,38
13,40
14,35
15,27
16,34
17,31
18,31
19,30
20,32
21,32
22,28
23,35
24,33
25,32
26,35
27,31
28,29
29,27
30,31
31,27
32,29
33,31
34,30
35,25
36,31
37,31
38,24
39,25
40,27
41,30
42,30
43,28
44,31
45,26
46,32
47,28
48,31
49,26
50,30
51,27
52,27
53,28
54,26
55,32
56,32
57,29
58,29
59,33
60,30
61,32
62,28
63,26
64,27
65,27
66,31
67,23
68,27
69,30
70,30
71,26
72,24
73,26
74,30
75,26
76,27
77,30
78,32
79,28
80,31
81,35
82,32
83,27
84,28
85,32
86,28
87,29
88,29
89,30
90,29
91,31
92,32
93,24
94,29
95,28
96,29
97,28
98,28
99,28
2,119
3,76
4,43
5,39
6,58
7,33
8,33
9,36
10,38
11,36
12,32
13,38
14,41
15,41
16,42
17,32
18,30
19,36
20,34
21,34
22,36
23,40
24,46
25,27
26,34
27,31
28,27
29,27
30,26
31,27
32,24
33,27
34,28
35,28
36,31
37,33
38,28
39,33
40,35
41,30
42,24
43,29
44,36
45,27
46,27
47,25
48,27
49,26
50,30
51,29
52,31
53,30
54,27
55,29
56,22
57,32
58,27
59,30
60,25
61,27
62,22
63,33
64,30
65,26
66,30
67,30
68,28
69,28
70,30
71,36
72,29
73,30
74,27
75,30
76,28
77,30
78,28
79,29
80,30
81,24
82,33
83,26
84,32
85,33
86,28
87,29
88,32
89,30
90,30
91,27
92,26
93,25
94,28
95,28
96,29
97,26
98,26
99,29
2,39
3,41
4,83
5,33
6,34
7,357
8,55
9,34
10,33
11,26
12,39
13,38
14,43
15,34
16,40
17,35
18,29
19,31
20,27
21,41
22,33
23,28
24,27
25,30
26,34
27,30
28,30
29,29
30,31
31,32
32,30
33,25
34,25
35,30
36,29
37,31
38,33
39,28
40,30
41,29
42,29
43,36
44,28
45,27
46,26
47,26
48,27
49,28
50,24
51,28
52,29
53,30
54,36
55,27
56,29
57,30
58,30
59,31
60,28
61,27
62,28
63,29
64,30
65,26
66,32
67,28
68,28
69,27
70,27
71,30
72,27
73,28
74,25
75,23
76,27
77,30
78,26
79,29
80,29
81,31
82,30
83,26
84,27
85,31
86,29
87,24
88,28
89,21
90,29
91,29
92,25
93,26
94,28
95,32
96,28
97,31
98,25
99,26
2,169
3,74
4,45
5,27
6,66
7,36
8,30
9,44
10,34
11,29
12,34
13,34
14,34
15,29
16,32
17,36
18,33
19,32
20,29
21,26
22,44
23,29
24,32
25,29
26,33
27,34
28,29
29,24
30,32
31,35
32,28
33,33
34,31
35,25
36,31
37,25
38,29
39,27
40,29
41,42
42,38
43,27
44,28
45,28
46,29
47,27
48,33
49,32
50,28
51,31
52,24
53,29
54,31
55,27
56,28
57,23
58,27
59,27
60,25
61,27
62,33
63,30
64,27
65,28
66,26
67,28
68,31
69,29
70,30
71,24
72,30
73,27
74,26
75,27
76,29
77,30
78,26
79,30
80,24
81,31
82,26
83,28
84,29
85,29
86,28
87,31
88,27
89,30
90,29
91,28
92,31
93,28
94,28
95,27
96,27
97,26
98,30
99,35
2,14965
3,707
4,49
5,57
6,39
7,37
8,33
9,34
10,41
11,38
12,43
13,34
14,61
15,27
16,36
17,26
18,39
19,35
20,30
21,36
22,28
23,29
24,28
25,29
26,35
27,35
28,31
29,26
30,32
31,25
32,32
33,26
34,31
35,29
36,30
37,30
38,30
39,41
40,34
41,28
42,38
43,31
44,27
45,33
46,28
47,29
48,30
49,24
50,27
51,28
52,25
53,32
54,32
55,29
56,24
57,27
58,26
59,30
60,26
61,35
62,29
63,33
64,31
65,25
66,29
67,33
68,27
69,28
70,27
71,31
72,31
73,33
74,26
75,30
76,26
77,27
78,29
79,30
80,30
81,27
82,26
83,29
84,27
85,26
86,26
87,28
88,30
89,29
90,27
91,31
92,30
93,26
94,30
95,31
96,26
97,29
98,28
99,29
2,185
3,48
4,81
5,48
6,82
7,50
8,47
9,39
10,38
11,30
12,40
13,36
14,29
15,32
16,29
17,37
18,27
19,38
20,28
21,36
22,36
23,34
24,27
25,37
26,31
27,36
28,27
29,34
30,27
31,30
32,24
33,30
34,29
35,42
36,26
37,33
38,26
39,29
40,26
41,35
42,32
43,30
44,28
45,29
46,32
47,28
48,30
49,33
50,28
51,28
52,27
53,26
54,30
55,27
56,33
57,28
58,31
59,27
60,29
61,26
62,31
63,34
64,34
65,31
66,27
67,32
68,30
69,28
70,30
71,31
72,35
73,30
74,27
75,27
76,23
77,30
78,30
79,34
80,28
81,26
82,30
83,30
84,27
85,29
86,26
87,26
88,25
89,25
90,30
91,29
92,28
93,31
94,23
95,30
96,28
97,32
98,29
99,28
2,87
3,131
4,101
5,52
6,40
7,119
8,29
9,35
10,27
11,40
12,37
13,35
14,28
15,28
16,43
17,34
18,33
19,37
20,35
21,31
22,28
23,31
24,28
25,40
26,33
27,27
28,28
29,32
30,31
31,24
32,37
33,40
34,30
35,33
36,30
37,33
38,35
39,31
40,29
41,31
42,32
43,26
44,28
45,30
46,28
47,35
48,25
49,28
50,28
51,29
52,31
53,32
54,29
55,29
56,29
57,27
58,30
59,29
60,30
61,28
62,31
63,26
64,28
65,29
66,28
67,28
68,28
69,24
70,26
71,25
72,27
73,29
74,31
75,31
76,32
77,29
78,28
79,24
80,27
81,32
82,28
83,29
84,26
85,29
86,29
87,29
88,35
89,29
90,29
91,28
92,29
93,28
94,29
95,31
96,29
97,33
98,28
99,30
2,137
3,101
4,60
5,86
6,44
7,30
8,36
9,37
10,53
11,34
12,29
13,41
14,25
15,34
16,32
17,29
18,31
19,32
20,29
21,32
22,27
23,31
24,28
25,30
26,32
27,33
28,30
29,30
30,36
31,27
32,32
33,34
34,28
35,25
36,32
37,27
38,34
39,30
40,32
41,28
42,26
43,30
44,29
45,26
46,30
47,27
48,27
49,27
50,25
51,25
52,27
53,33
54,27
55,30
56,23
57,27
58,33
59,27
60,31
61,28
62,25
63,25
64,26
65,29
66,30
67,30
68,28
69,31
70,27
71,27
72,30
73,28
74,29
75,24
76,27
77,27
78,33
79,28
80,25
81,28
82,24
83,28
84,26
85,29
86,29
87,28
88,30
89,30
90,30
91,26
92,25
93,30
94,25
95,25
96,26
97,29
98,31
99,30
2,120
3,29
4,45
5,62
6,38
7,34
8,35
9,36
10,36
11,41
12,34
13,33
14,30
15,32
16,36
17,31
18,28
19,39
20,28
21,36
22,26
23,34
24,33
25,36
26,30
27,25
28,34
29,32
30,33
31,31
32,39
33,30
34,27
35,30
36,33
37,34
38,32
39,26
40,30
41,32
42,35
43,29
44,32
45,29
46,30
47,28
48,28
49,29
50,27
51,30
52,29
53,28
54,31
55,26
56,27
57,28
58,31
59,28
60,31
61,26
62,24
63,29
64,27
65,30
66,30
67,30
68,30
69,31
70,26
71,26
72,27
73,26
74,30
75,29
76,29
77,25
78,30
79,31
80,33
81,26
82,27
83,28
84,30
85,28
86,29
87,31
88,26
89,27
90,25
91,33
92,29
93,26
94,34
95,29
96,29
97,24
98,27
99,29
2,226
3,433
4,60
5,45
6,30
7,35
8,34
9,35
10,35
11,27
12,38
13,41
14,29
15,73
16,35
17,30
18,27
19,26
20,34
21,31
22,28
23,30
24,27
25,31
26,27
27,28
28,36
29,29
30,32
31,30
32,35
33,31
34,31
35,30
36,28
37,31
38,36
39,34
40,29
41,27
42,29
43,29
44,29
45,30
46,26
47,33
48,26
49,25
50,29
51,40
52,31
53,29
54,26
55,29
56,28
57,33
58,27
59,34
60,31
61,26
62,29
63,28
64,30
65,28
66,28
67,27
68,24
69,27
70,32
71,24
72,27
73,32
74,30
75,30
76,29
77,34
78,27
79,30
80,26
81,28
82,25
83,33
84,30
85,26
86,29
87,30
88,31
89,28
90,27
91,25
92,29
93,28
94,29
95,30
96,28
97,29
98,31
99,31
2,87
3,121
4,76
5,32
6,48
7,37
8,39
9,34
10,64
11,29
12,32
13,43
14,36
15,34
16,33
17,30
18,39
19,33
20,29
21,26
22,30
23,29
24,29
25,29
26,27
27,32
28,30
29,33
30,34
31,28
32,34
33,24
34,29
35,29
36,29
37,34
38,28
39,29
40,27
41,30
42,28
43,37
44,29
45,27
46,26
47,29
48,28
49,32
50,29
51,23
52,32
53,31
54,31
55,27
56,26
57,28
58,35
59,34
60,29
61,29
62,31
63,24
64,26
65,32
66,29
67,28
68,28
69,30
70,29
71,28
72,29
73,28
74,29
75,32
76,29
77,28
78,28
79,30
80,27
81,26
82,29
83,30
84,28
85,32
86,27
87,28
88,26
89,28
90,29
91,24
92,29
93,24
94,29
95,30
96,32
97,25
98,27
99,30
2,59
3,59
4,191
5,37
6,36
7,37
8,34
9,38
10,44
11,35
12,47
13,35
14,32
15,38
16,36
17,27
18,25
19,35
20,35
21,32
22,27
23,36
24,33
25,33
26,36
27,30
28,28
29,34
30,28
31,35
32,29
33,27
34,26
35,33
36,30
37,29
38,33
39,30
40,35
41,31
42,33
43,32
44,33
45,26
46,29
47,27
48,30
49,27
50,26
51,29
52,30
53,27
54,30
55,29
56,32
57,32
58,30
59,30
60,24
61,30
62,30
63,32
64,28
65,28
66,28
67,25
68,30
69,27
70,30
71,26
72,31
73,31
74,30
75,30
76,30
77,36
78,25
79,26
80,27
81,25
82,29
83,26
84,27
85,25
86,31
87,26
88,30
89,34
90,32
91,28
92,25
93,30
94,29
95,25
96,31
97,29
98,29
99,35
2,340
3,121
4,90
5,99
6,39
7,58
8,57
9,35
10,31
11,47
12,30
13,33
14,33
15,31
16,31
17,37
18,35
19,28
20,27
21,34
22,35
23,32
24,34
25,28
26,33
27,32
28,28
29,34
30,31
31,28
32,29
33,31
34,35
35,30
36,34
37,29
38,25
39,30
40,30
41,37
42,28
43,29
44,30
45,30
46,28
47,29
48,27
49,30
50,37
51,28
52,25
53,26
54,29
55,28
56,32
57,27
58,25
59,29
60,26
61,25
62,29
63,33
64,30
65,34
66,30
67,31
68,30
69,33
70,31
71,27
72,26
73,26
74,31
75,29
76,30
77,31
78,26
79,24
80,28
81,32
82,31
83,30
84,27
85,28
86,30
87,31
88,31
89,26
90,26
91,29
92,28
93,30
94,26
95,29
96,33
97,28
98,32
99,30
2,117
3,81
4,36
5,46
6,45
7,44
8,32
9,34
10,46
11,37
12,57
13,37
14,47
15,31
16,33
17,31
18,34
19,32
20,37
21,28
22,31
23,36
24,31
25,36
26,32
27,32
28,25
29,40
30,25
31,33
32,29
33,31
34,26
35,31
36,31
37,30
38,29
39,28
40,28
41,28
42,33
43,29
44,26
45,25
46,28
47,26
48,29
49,31
50,30
51,28
52,28
53,28
54,27
55,26
56,27
57,28
58,28
59,28
60,28
61,28
62,33
63,27
64,23
65,32
66,31
67,28
68,28
69,27
70,28
71,28
72,30
73,26
74,30
75,28
76,29
77,23
78,26
79,24
80,26
81,26
82,27
83,27
84,33
85,28
86,26
87,28
88,29
89,28
90,30
91,27
92,28
93,29
94,26
95,28
96,26
97,28
98,26
99,28
2,555295
3,102
4,55
5,71
6,40
7,38
8,52
9,83
10,43
11,35
12,32
13,31
14,31
15,36
16,33
17,32
18,32
19,28
20,32
21,35
22,28
23,26
24,33
25,30
26,29
27,33
28,33
29,26
30,27
31,26
32,31
33,28
34,34
35,27
36,29
37,33
38,31
39,28
40,23
41,31
42,28
43,34
44,31
45,25
46,29
47,34
48,27
49,26
50,36
51,25
52,32
53,29
54,34
55,30
56,32
57,32
58,30
59,28
60,28
61,27
62,26
63,29
64,31
65,27
66,28
67,32
68,23
69,26
70,27
71,30
72,27
73,28
74,31
75,30
76,26
77,28
78,29
79,32
80,27
81,28
82,32
83,25
84,27
85,27
86,25
87,29
88,26
89,31
90,30
91,26
92,26
93,27
94,24
95,30
96,26
97,26
98,30
99,28
2,81
3,54
4,51
5,41
6,35
7,38
8,30
9,36
10,42
11,31
12,25
13,35
14,29
15,37
16,32
17,31
18,33
19,33
20,26
21,29
22,34
23,27
24,39
25,35
26,32
27,28
28,29
29,27
30,30
31,27
32,35
33,26
34,32
35,32
36,32
37,23
38,30
39,31
40,30
41,27
42,33
43,29
44,32
45,30
46,27
47,28
48,28
49,28
50,29
51,32
52,28
53,27
54,34
55,31
56,30
57,30
58,27
59,34
60,29
61,26
62,29
63,30
64,31
65,29
66,27
67,27
68,32
69,30
70,27
71,27
72,29
73,25
74,26
75,28
76,29
77,32
78,27
79,27
80,31
81,31
82,22
83,30
84,27
85,25
86,26
87,31
88,29
89,34
90,28
91,29
92,29
93,28
94,27
95,28
96,29
97,29
98,32
99,28
2,113
3,44
4,82
5,39
6,32
7,40
8,31
9,37
10,35
11,34
12,36
13,36
14,33
15,38
16,36
17,43
18,39
19,33
20,27
21,32
22,28
23,35
24,26
25,33
26,32
27,35
28,31
29,31
30,29
31,29
32,26
33,35
34,29
35,29
36,24
37,31
38,32
39,28
40,26
41,29
42,31
43,28
44,32
45,30
46,32
47,29
48,33
49,32
50,27
51,27
52,28
53,31
54,31
55,31
56,31
57,26
58,25
59,29
60,28
61,30
62,28
63,24
64,30
65,30
66,30
67,30
68,32
69,28
70,27
71,30
72,27
73,31
74,33
75,30
76,26
77,29
78,25
79,29
80,31
81,28
82,31
83,28
84,29
85,29
86,30
87,28
88,31
89,22
90,28
91,32
92,30
93,28
94,27
95,28
96,27
97,28
98,28
99,25
2,275
3,164
4,33
5,145
6,48
7,40
8,27
9,33
10,34
11,32
12,38
13,36
14,33
15,30
16,37
17,37
18,30
19,33
20,34
21,34
22,36
23,31
24,42
25,35
26,28
27,38
28,27
29,36
30,32
31,31
32,27
33,28
34,29
35,33
36,28
37,28
38,27
39,29
40,31
41,30
42,28
43,31
44,27
45,26
46,34
47,24
48,31
49,28
50,27
51,30
52,27
53,28
54,33
55,27
56,26
57,26
58,29
59,31
60,35
61,37
62,33
63,27
64,29
65,28
66,33
67,26
68,28
69,33
70,29
71,31
72,25
73,30
74,31
75,27
76,25
77,29
78,28
79,31
80,27
81,25
82,27
83,25
84,25
85,29
86,26
87,29
88,31
89,27
90,31
91,25
92,28
93,27
94,27
95,27
96,27
97,30
98,29
99,26
2,82
3,53
4,40
5,35
6,44
7,36
8,35
9,31
10,37
11,37
12,28
13,35
14,36
15,38
16,35
17,29
18,35
19,35
20,37
21,31
22,30
23,30
24,29
25,43
26,42
27,33
28,27
29,33
30,29
31,30
32,29
33,25
34,34
35,32
36,28
37,28
38,30
39,27
40,31
41,28
42,26
43,27
44,29
45,27
46,30
47,24
48,28
49,28
50,28
51,26
52,24
53,27
54,28
55,27
56,28
57,36
58,27
59,30
60,30
61,30
62,28
63,29
64,29
65,29
66,31
67,28
68,31
69,28
70,30
71,26
72,29
73,30
74,20
75,28
76,26
77,29
78,28
79,29
80,26
81,29
82,29
83,31
84,26
85,25
86,28
87,27
88,30
89,32
90,26
91,28
92,32
93,28
94,26
95,30
96,27
97,26
98,26
99,29
2,229
3,89
4,57
5,69
6,37
7,37
8,36
9,29
10,27
11,41
12,46
13,46
14,37
15,45
16,33
17,36
18,28
19,32
20,37
21,36
22,28
23,31
24,29
25,33
26,24
27,32
28,36
29,30
30,27
31,30
32,29
33,34
34,30
35,32
36,24
37,35
38,30
39,27
40,31
41,29
42,26
43,31
44,30
45,26
46,36
47,28
48,25
49,29
50,30
51,32
52,27
53,30
54,29
55,28
56,30
57,26
58,29
59,30
60,26
61,30
62,32
63,34
64,27
65,27
66,27
67,24
68,27
69,30
70,27
71,28
72,26
73,30
74,28
75,30
76,30
77,30
78,35
79,21
80,25
81,31
82,29
83,26
84,26
85,24
86,28
87,27
88,27
89,32
90,32
91,25
92,30
93,28
94,30
95,25
96,27
97,24
98,28
99,27
2,102
3,199
4,51
5,60
6,38
7,27
8,50
9,30
10,26
11,35
12,35
13,33
14,31
15,35
16,31
17,33
18,41
19,29
20,31
21,28
22,29
23,26
24,32
25,28
26,31
27,31
28,29
29,25
30,27
31,33
32,30
33,29
34,26
35,27
36,32
37,31
38,26
39,25
40,28
41,29
42,31
43,29
44,28
45,25
46,27
47,25
48,30
49,30
50,33
51,27
52,26
53,29
54,29
55,31
56,32
57,33
58,29
59,25
60,27
61,26
62,28
63,33
64,24
65,27
66,26
67,29
68,26
69,25
70,25
71,29
72,30
73,27
74,31
75,25
76,28
77,25
78,32
79,28
80,27
81,29
82,35
83,29
84,27
85,29
86,28
87,28
88,27
89,25
90,27
91,26
92,31
93,32
94,28
95,26
96,29
97,31
98,28
99,24
2,117
3,60
4,33
5,103
6,46
7,37
8,66
9,30
10,40
11,30
12,32
13,40
14,37
15,39
16,25
17,37
18,26
19,26
20,27
21,28
22,25
23,35
24,30
25,33
26,32
27,30
28,28
29,36
30,23
31,27
32,25
33,29
34,24
35,31
36,27
37,32
38,26
39,27
40,30
41,29
42,31
43,30
44,27
45,27
46,32
47,26
48,26
49,27
50,32
51,31
52,27
53,28
54,28
55,27
56,26
57,25
58,29
59,29
60,26
61,30
62,27
63,33
64,25
65,31
66,25
67,32
68,30
69,26
70,32
71,27
72,28
73,29
74,27
75,30
76,33
77,32
78,27
79,31
80,34
81,25
82,27
83,29
84,26
85,27
86,28
87,27
88,28
89,27
90,19
91,25
92,37
93,23
94,31
95,27
96,27
97,31
98,29
99,27
2,78
3,240
4,29
5,28
6,45
7,56
8,30
9,44
10,35
11,39
12,33
13,36
14,24
15,30
16,29
17,29
18,31
19,31
20,32
21,29
22,28
23,27
24,39
25,27
26,43
27,30
28,29
29,32
30,28
31,38
32,29
33,27
34,27
35,29
36,31
37,31
38,26
39,24
40,27
41,33
42,30
43,30
44,30
45,30
46,26
47,30
48,28
49,34
50,27
51,31
52,32
53,27
54,31
55,30
56,27
57,25
58,32
59,28
60,23
61,26
62,24
63,31
64,26
65,26
66,26
67,29
68,29
69,26
70,31
71,31
72,33
73,27
74,25
75,29
76,30
77,27
78,28
79,25
80,29
81,29
82,30
83,25
84,29
85,26
86,25
87,30
88,27
89,26
90,29
91,27
92,24
93,29
94,28
95,29
96,25
97,22
98,30
99,32
2,711407
3,71
4,55
5,52
6,38
7,49
8,41
9,39
10,35
11,41
12,36
13,36
14,40
15,31
16,25
17,31
18,33
19,25
20,37
21,32
22,39
23,26
24,29
25,33
26,24
27,34
28,35
29,27
30,27
31,35
32,30
33,26
34,33
35,27
36,33
37,32
38,27
39,34
40,34
41,28
42,30
43,27
44,29
45,29
46,30
47,28
48,31
49,26
50,26
51,27
52,28
53,32
54,28
55,29
56,31
57,27
58,27
59,27
60,28
61,29
62,25
63,32
64,32
65,34
66,28
67,34
68,30
69,31
70,28
71,27
72,28
73,28
74,25
75,27
76,31
77,26
78,30
79,35
80,31
81,27
82,28
83,31
84,28
85,26
86,27
87,28
88,30
89,24
90,30
91,27
92,30
93,29
94,29
95,28
96,24
97,25
98,27
99,29
2,216
3,532
4,38
5,30
6,36
7,48
8,34
9,29
10,38
11,31
12,42
13,29
14,35
15,26
16,45
17,32
18,34
19,33
20,37
21,31
22,51
23,25
24,31
25,33
26,33
27,35
28,26
29,30
30,29
31,26
32,26
33,29
34,27
35,28
36,27
37,26
38,28
39,30
40,30
41,27
42,36
43,30
44,37
45,34
46,27
47,26
48,26
49,30
50,27
51,28
52,27
53,25
54,27
55,33
56,28
57,30
58,28
59,28
60,26
61,28
62,33
63,29
64,32
65,28
66,26
67,33
68,29
69,28
70,29
71,31
72,22
73,36
74,29
75,28
76,29
77,28
78,27
79,33
80,30
81,27
82,30
83,23
84,28
85,26
86,26
87,30
88,26
89,26
90,29
91,28
92,26
93,24
94,27
95,28
96,30
97,32
98,31
99,27
2,204
3,81
4,37
5,37
6,54
7,44
8,39
9,48
10,33
11,50
12,49
13,33
14,46
15,34
16,31
17,31
18,31
19,32
20,46
21,26
22,35
23,34
24,29
25,33
26,28
27,27
28,28
29,38
30,35
31,27
32,35
33,24
34,33
35,25
36,33
37,33
38,29
39,24
40,29
41,30
42,29
43,29
44,33
45,30
46,32
47,36
48,27
49,28
50,26
51,30
52,30
53,28
54,30
55,36
56,31
57,35
58,31
59,29
60,33
61,27
62,28
63,31
64,26
65,29
66,29
67,28
68,28
69,29
70,26
71,31
72,29
73,29
74,25
75,30
76,30
77,27
78,26
79,27
80,30
81,31
82,22
83,28
84,31
85,27
86,30
87,32
88,31
89,24
90,26
91,25
92,25
93,28
94,28
95,21
96,21
97,30
98,28
99,31
2,197
3,91
4,99
5,37
6,52
7,40
8,38
9,30
10,40
11,34
12,31
13,34
14,36
15,43
16,29
17,33
18,39
19,31
20,28
21,33
22,32
23,28
24,27
25,28
26,34
27,27
28,36
29,33
30,30
31,31
32,29
33,30
34,30
35,30
36,29
37,29
38,30
39,31
40,31
41,31
42,27
43,29
44,31
45,24
46,29
47,32
48,31
49,34
50,29
51,28
52,29
53,30
54,29
55,30
56,33
57,31
58,30
59,28
60,24
61,26
62,30
63,32
64,29
65,29
66,27
67,23
68,31
69,27
70,30
71,31
72,35
73,24
74,26
75,28
76,30
77,27
78,26
79,26
80,30
81,27
82,28
83,32
84,25
85,26
86,27
87,29
88,26
89,30
90,20
91,24
92,33
93,28
94,28
95,25
96,27
97,30
98,26
99,28
2,108
3,36
4,55
5,417
6,40
7,59
8,38
9,36
10,45
11,37
12,32
13,55
14,33
15,31
16,44
17,33
18,28
19,36
20,31
21,51
22,32
23,32
24,26
25,30
26,33
27,32
28,30
29,26
30,37
31,29
32,26
33,32
34,30
35,24
36,37
37,33
38,33
39,32
40,31
41,29
42,27
43,33
44,28
45,29
46,31
47,30
48,29
49,28
50,24
51,29
52,27
53,23
54,30
55,27
56,27
57,28
58,26
59,32
60,26
61,30
62,30
63,31
64,25
65,32
66,29
67,30
68,30
69,28
70,31
71,32
72,27
73,27
74,29
75,29
76,30
77,27
78,29
79,27
80,30
81,30
82,22
83,27
84,30
85,33
86,25
87,28
88,27
89,30
90,31
91,28
92,29
93,25
94,28
95,24
96,28
97,32
98,25
99,31
2,80
3,42
4,47
5,45
6,33
7,35
8,48
9,36
10,43
11,42
12,29
13,33
14,28
15,31
16,65
17,36
18,28
19,37
20,31
21,33
22,28
23,27
24,31
25,26
26,31
27,30
28,31
29,27
30,44
31,26
32,31
33,29
34,32
35,27
36,36
37,35
38,31
39,28
40,27
41,31
42,31
43,25
44,31
45,33
46,25
47,28
48,27
49,35
50,28
51,28
52,35
53,29
54,30
55,23
56,28
57,29
58,30
59,28
60,27
61,27
62,30
63,28
64,28
65,28
66,28
67,30
68,31
69,27
70,26
71,35
72,26
73,24
74,33
75,30
76,27
77,26
78,27
79,28
80,30
81,24
82,28
83,28
84,25
85,28
86,22
87,25
88,28
89,26
90,34
91,30
92,26
93,28
94,30
95,28
96,26
97,29
98,29
99,29
2,197
3,34
4,49
5,39
6,86
7,51
8,44
9,26
10,47
11,42
12,39
13,37
14,35
15,39
16,29
17,43
18,26
19,32
20,37
21,30
22,35
23,31
24,33
25,30
26,28
27,33
28,28
29,35
30,30
31,29
32,28
33,29
34,26
35,27
36,27
37,29
38,33
39,31
40,34
41,36
42,30
43,24
44,34
45,32
46,31
47,33
48,29
49,26
50,26
51,28
52,30
53,27
54,31
55,32
56,27
57,31
58,27
59,25
60,30
61,30
62,28
63,29
64,27
65,25
66,31
67,33
68,31
69,25
70,30
71,28
72,28
73,31
74,26
75,28
76,30
77,27
78,29
79,24
80,26
81,29
82,31
83,30
84,28
85,29
86,31
87,32
88,29
89,27
90,33
91,31
92,31
93,29
94,35
95,28
96,29
97,30
98,27
99,24
2,157
3,97
4,54
5,45
6,29
7,32
8,48
9,41
10,38
11,33
12,33
13,36
14,31
15,38
16,33
17,38
18,32
19,32
20,28
21,29
22,31
23,29
24,27
25,30
26,31
27,28
28,32
29,33
30,29
31,26
32,28
33,29
34,29
35,34
36,32
37,28
38,34
39,28
40,30
41,25
42,28
43,38
44,33
45,28
46,26
47,24
48,27
49,29
50,24
51,31
52,27
53,30
54,29
55,27
56,25
57,27
58,32
59,27
60,28
61,27
62,27
63,30
64,29
65,25
66,29
67,33
68,29
69,25
70,27
71,30
72,25
73,23
74,26
75,25
76,30
77,30
78,24
79,25
80,31
81,25
82,26
83,29
84,24
85,28
86,29
87,27
88,27
89,28
90,27
91,26
92,32
93,25
94,30
95,31
96,31
97,31
98,30
99,25
2,162
3,1264
4,37
5,68
6,34
7,41
8,45
9,31
10,38
11,31
12,46
13,32
14,36
15,29
16,28
17,30
18,30
19,30
20,39
21,32
22,33
23,30
24,33
25,36
26,27
27,31
28,36
29,38
30,30
31,28
32,33
33,32
34,26
35,29
36,31
37,30
38,33
39,27
40,29
41,27
42,30
43,24
44,29
45,27
46,29
47,26
48,30
49,29
50,30
51,26
52,31
53,28
54,26
55,25
56,27
57,21
58,32
59,28
60,29
61,28
62,31
63,30
64,25
65,27
66,32
67,29
68,23
69,27
70,26
71,28
72,28
73,32
74,28
75,26
76,26
77,29
78,25
79,29
80,23
81,29
82,29
83,25
84,28
85,26
86,25
87,29
88,25
89,30
90,31
91,29
92,29
93,31
94,24
95,27
96,27
97,25
98,27
99,29
2,199
3,65
4,92
5,27
6,38
7,60
8,35
9,30
10,38
11,34
12,34
13,32
14,32
15,39
16,30
17,34
18,33
19,45
20,33
21,32
22,34
23,26
24,37
25,27
26,26
27,30
28,30
29,32
30,29
31,28
32,30
33,31
34,32
35,27
36,26
37,31
38,29
39,25
40,28
41,24
42,28
43,31
44,31
45,24
46,30
47,28
48,25
49,26
50,27
51,32
52,29
53,30
54,34
55,31
56,26
57,32
58,27
59,27
60,32
61,27
62,32
63,30
64,27
65,28
66,25
67,27
68,31
69,25
70,27
71,32
72,26
73,27
74,23
75,27
76,24
77,29
78,30
79,28
80,27
81,32
82,27
83,29
84,27
85,29
86,29
87,26
88,27
89,31
90,25
91,21
92,29
93,26
94,29
95,30
96,27
97,29
98,25
99,29
2,189
3,78
4,82
5,43
6,46
7,49
8,43
9,37
10,40
11,41
12,39
13,33
14,38
15,31
16,34
17,34
18,40
19,43
20,32
21,28
22,37
23,29
24,32
25,31
26,29
27,31
28,25
29,23
30,33
31,29
32,28
33,27
34,32
35,35
36,33
37,34
38,29
39,35
40,26
41,29
42,31
43,28
44,26
45,25
46,27
47,31
48,28
49,29
50,26
51,23
52,31
53,24
54,31
55,26
56,33
57,27
58,28
59,28
60,29
61,28
62,31
63,34
64,30
65,27
66,28
67,24
68,29
69,30
70,29
71,29
72,31
73,29
74,26
75,30
76,29
77,27
78,29
79,28
80,27
81,28
82,27
83,30
84,29
85,28
86,29
87,25
88,30
89,26
90,31
91,29
92,28
93,27
94,31
95,29
96,27
97,30
98,28
99,33
2,145
3,38
4,33
5,39
6,35
7,33
8,50
9,42
10,33
11,30
12,38
13,40
14,22
15,32
16,39
17,42
18,41
19,31
20,40
21,32
22,29
23,36
24,35
25,34
26,30
27,30
28,28
29,28
30,31
31,32
32,34
33,28
34,26
35,28
36,25
37,29
38,31
39,30
40,29
41,30
42,30
43,34
44,25
45,28
46,32
47,30
48,29
49,25
50,29
51,31
52,26
53,33
54,26
55,27
56,28
57,28
58,27
59,27
60,27
61,26
62,26
63,29
64,28
65,30
66,28
67,25
68,27
69,28
70,30
71,27
72,30
73,32
74,32
75,26
76,29
77,31
78,27
79,28
80,30
81,27
82,31
83,29
84,27
85,31
86,30
87,29
88,30
89,29
90,30
91,33
92,28
93,27
94,31
95,31
96,31
97,25
98,27
99,30
2,132
3,31
4,68
5,39
6,46
7,37
8,25
9,63
10,35
11,27
12,38
13,40
14,35
15,27
16,34
17,31
18,31
19,30
20,32
21,32
22,28
23,35
24,33
25,32
26,35
27,31
28,29
29,27
30,31
31,27
32,29
33,31
34,30
35,25
36,31
37,31
38,24
39,25
40,27
41,30
42,30
43,28
44,31
45,26
46,32
47,28
48,31
49,26
50,30
51,27
52,27
53,28
54,26
55,32
56,32
57,29
58,29
59,33
60,30
61,32
62,28
63,26
64,27
65,27
66,31
67,23
68,27
69,30
70,30
71,26
72,24
73,26
74,30
75,26
76,27
77,30
78,32
79,28
80,31
81,35
82,32
83,27
84,28
85,32
86,28
87,29
88,29
89,30
90,29
91,31
92,32
93,24
94,29
95,28
96,29
97,28
98,28
99,28
2,119
3,76
4,43
5,39
6,58
7,33
8,33
9,36
10,38
11,36
12,32
13,38
14,41
15,41
16,42
17,32
18,30
19,36
20,34
21,34
22,36
23,40
24,46
25,27
26,34
27,31
28,27
29,27
30,26
31,27
32,24
33,27
34,28
35,28
36,31
37,33
38,28
39,33
40,35
41,30
42,24
43,29
44,36
45,27
46,27
47,25
48,27
49,26
50,30
51,29
52,31
53,30
54,27
55,29
56,22
57,32
58,27
59,30
60,25
61,27
62,22
63,33
64,30
65,26
66,30
67,30
68,28
69,28
70,30
71,36
72,29
73,30
74,27
75,30
76,28
77,30
78,28
79,29
80,30
81,24
82,33
83,26
84,32
85,33
86,28
87,29
88,32
89,30
90,30
91,27
92,26
93,25
94,28
95,28
96,29
97,26
98,26
99,29
2,39
3,41
4,83
5,33
6,34
7,357
8,55
9,34
10,33
11,26
12,39
13,38
14,43
15,34
16,40
17,35
18,29
19,31
20,27
21,41
22,33
23,28
24,27
25,30
26,34
27,30
28,30
29,29
30,31
31,32
32,30
33,25
34,25
35,30
36,29
37,31
38,33
39,28
40,30
41,29
42,29
43,36
44,28
45,27
46,26
47,26
48,27
49,28
50,24
51,28
52,29
53,30
54,36
55,27
56,29
57,30
58,30
59,31
60,28
61,27
62,28
63,29
64,30
65,26
66,32
67,28
68,28
69,27
70,27
71,30
72,27
73,28
74,25
75,23
76,27
77,30
78,26
79,29
80,29
81,31
82,30
83,26
84,27
85,31
86,29
87,24
88,28
89,21
90,29
91,29
92,25
93,26
94,28
95,32
96,28
97,31
98,25
99,26
2,169
3,74
4,45
5,27
6,66
7,36
8,30
9,44
10,34
11,29
12,34
13,34
14,34
15,29
16,32
17,36
18,33
19,32
20,29
21,26
22,44
23,29
24,32
25,29
26,33
27,34
28,29
29,24
30,32
31,35
32,28
33,33
34,31
35,25
36,31
37,25
38,29
39,27
40,29
41,42
42,38
43,27
44,28
45,28
46,29
47,27
48,33
49,32
50,28
51,31
52,24
53,29
54,31
55,27
56,28
57,23
58,27
59,27
60,25
61,27
62,33
63,30
64,27
65,28
66,26
67,28
68,31
69,29
70,30
71,24
72,30
73,27
74,26
75,27
76,29
77,30
78,26
79,30
80,24
81,31
82,26
83,28
84,29
85,29
86,28
87,31
88,27
89,30
90,29
91,28
92,31
93,28
94,28
95,27
96,27
97,26
98,30
99,35
2,14965
3,707
4,49
5,57
6,39
7,37
8,33
9,34
10,41
11,38
12,43
13,34
14,61
15,27
16,36
17,26
18,39
19,35
20,30
21,36
22,28
23,29
24,28
25,29
26,35
27,35
28,31
29,26
30,32
31,25
32,32
33,26
34,31
35,29
36,30
37,30
38,30
39,41
40,34
41,28
42,38
43,31
44,27
45,33
46,28
47,29
48,30
49,24
50,27
51,28
52,25
53,32
54,32
55,29
56,24
57,27
58,26
59,30
60,26
61,35
62,29
63,33
64,31
65,25
66,29
67,33
68,27
69,28
70,27
71,31
72,31
73,33
74,26
75,30
76,26
77,27
78,29
79,30
80,30
81,27
82,26
83,29
84,27
85,26
86,26
87,28
88,30
89,29
90,27
91,31
92,30
93,26
94,30
95,31
96,26
97,29
98,28
99,29
2,185
3,48
4,81
5,48
6,82
7,50
8,47
9,39
10,38
11,30
12,40
13,36
14,29
15,32
16,29
17,37
18,27
19,38
20,28
21,36
22,36
23,34
24,27
25,37
26,31
27,36
28,27
29,34
30,27
31,30
32,24
33,30
34,29
35,42
36,26
37,33
38,26
39,29
40,26
41,35
42,32
43,30
44,28
45,29
46,32
47,28
48,30
49,33
50,28
51,28
52,27
53,26
54,30
55,27
56,33
57,28
58,31
59,27
60,29
61,26
62,31
63,34
64,34
65,31
66,27
67,32
68,30
69,28
70,30
71,31
72,35
73,30
74,27
75,27
76,23
77,30
78,30
79,34
80,28
81,26
82,30
83,30
84,27
85,29
86,26
87,26
88,25
89,25
90,30
91,29
92,28
93,31
94,23
95,30
96,28
97,32
98,29
99,28
2,87
3,131
4,101
5,52
6,40
7,119
8,29
9,35
10,27
11,40
12,37
13,35
14,28
15,28
16,43
17,34
18,33
19,37
20,35
21,31
22,28
23,31
24,28
25,40
26,33
27,27
28,28
29,32
30,31
31,24
32,37
33,40
34,30
35,33
36,30
37,33
38,35
39,31
40,29
41,31
42,32
43,26
44,28
45,30
46,28
47,35
48,25
49,28
50,28
51,29
52,31
53,32
54,29
55,29
56,29
57,27
58,30
59,29
60,30
61,28
62,31
63,26
64,28
65,29
66,28
67,28
68,28
69,24
70,26
71,25
72,27
73,29
74,31
75,31
76,32
77,29
78,28
79,24
80,27
81,32
82,28
83,29
84,26
85,29
86,29
87,29
88,35
89,29
90,29
91,28
92,29
93,28
94,29
95,31
96,29
97,33
98,28
99,30
2,137
3,101
4,60
5,86
6,44
7,30
8,36
9,37
10,53
11,34
12,29
13,41
14,25
15,34
16,32
17,29
18,31
19,32
20,29
21,32
22,27
23,31
24,28
25,30
26,32
27,33
28,30
29,30
30,36
31,27
32,32
33,34
34,28
35,25
36,32
37,27
38,34
39,30
40,32
41,28
42,26
43,30
44,29
45,26
46,30
47,27
48,27
49,27
50,25
51,25
52,27
53,33
54,27
55,30
56,23
57,27
58,33
59,27
60,31
61,28
62,25
63,25
64,26
65,29
66,30
67,30
68,28
69,31
70,27
71,27
72,30
73,28
74,29
75,24
76,27
77,27
78,33
79,28
80,25
81,28
82,24
83,28
84,26
85,29
86,29
87,28
88,30
89,30
90,30
91,26
92,25
93,30
94,25
95,25
96,26
97,29
98,31
99,30
2,120
3,29
4,45
5,62
6,38
7,34
8,35
9,36
10,36
11,41
12,34
13,33
14,30
15,32
16,36
17,31
18,28
19,39
20,28
21,36
22,26
23,34
24,33
25,36
26,30
27,25
28,34
29,32
30,33
31,31
32,39
33,30
34,27
35,30
36,33
37,34
38,32
39,26
40,30
41,32
42,35
43,29
44,32
45,29
46,30
47,28
48,28
49,29
50,27
51,30
52,29
53,28
54,31
55,26
56,27
57,28
58,31
59,28
60,31
61,26
62,24
63,29
64,27
65,30
66,30
67,30
68,30
69,31
70,26
71,26
72,27
73,26
74,30
75,29
76,29
77,25
78,30
79,31
80,33
81,26
82,27
83,28
84,30
85,28
86,29
87,31
88,26
89,27
90,25
91,33
92,29
93,26
94,34
95,29
96,29
97,24
98,27
99,29
2,226
3,433
4,60
5,45
6,30
7,35
8,34
9,35
10,35
11,27
12,38
13,41
14,29
15,73
16,35
17,30
18,27
19,26
20,34
21,31
22,28
23,30
24,27
25,31
26,27
27,28
28,36
29,29
30,32
31,30
32,35
33,31
34,31
35,30
36,28
37,31
38,36
39,34
40,29
41,27
42,29
43,29
44,29
45,30
46,26
47,33
48,26
49,25
50,29
51,40
52,31
53,29
54,26
55,29
56,28
57,33
58,27
59,34
60,31
61,26
62,29
63,28
64,30
65,28
66,28
67,27
68,24
69,27
70,32
71,24
72,27
73,32
74,30
75,30
76,29
77,34
78,27
79,30
80,26
81,28
82,25
83,33
84,30
85,26
86,29
87,30
88,31
89,28
90,27
91,25
92,29
93,28
94,29
95,30
96,28
97,29
98,31
99,31
2,87
3,121
4,76
5,32
6,48
7,37
8,39
9,34
10,64
11,29
12,32
13,43
14,36
15,34
16,33
17,30
18,39
19,33
20,29
21,26
22,30
23,29
24,29
25,29
26,27
27,32
28,30
29,33
30,34
31,28
32,34
33,24
34,29
35,29
36,29
37,34
38,28
39,29
40,27
41,30
42,28
43,37
44,29
45,27
46,26
47,29
48,28
49,32
50,29
51,23
52,32
53,31
54,31
55,27
56,26
57,28
58,35
59,34
60,29
61,29
62,31
63,24
64,26
65,32
66,29
67,28
68,28
69,30
70,29
71,28
72,29
73,28
74,29
75,32
76,29
77,28
78,28
79,30
80,27
81,26
82,29
83,30
84,28
85,32
86,27
87,28
88,26
89,28
90,29
91,24
92,29
93,24
94,29
95,30
96,32
97,25
98,27
99,30
2,59
3,59
4,191
5,37
6,36
7,37
8,34
9,38
10,44
11,35
12,47
13,35
14,32
15,38
16,36
17,27
18,25
19,35
20,35
21,32
22,27
23,36
24,33
25,33
26,36
27,30
28,28
29,34
30,28
31,35
32,29
33,27
34,26
35,33
36,30
37,29
38,33
39,30
40,35
41,31
42,33
43,32
44,33
45,26
46,29
47,27
48,30
49,27
50,26
51,29
52,30
53,27
54,30
55,29
56,32
57,32
58,30
59,30
60,24
61,30
62,30
63,32
64,28
65,28
66,28
67,25
68,30
69,27
70,30
71,26
72,31
73,31
74,30
75,30
76,30
77,36
78,25
79,26
80,27
81,25
82,29
83,26
84,27
85,25
86,31
87,26
88,30
89,34
90,32
91,28
92,25
93,30
94,29
95,25
96,31
97,29
98,29
99,35
2,340
3,121
4,90
5,99
6,39
7,58
8,57
9,35
10,31
11,47
12,30
13,33
14,33
15,31
16,31
17,37
18,35
19,28
20,27
21,34
22,35
23,32
24,34
25,28
26,33
27,32
28,28
29,34
30,31
31,28
32,29
33,31
34,35
35,30
36,34
37,29
38,25
39,30
40,30
41,37
42,28
43,29
44,30
45,30
46,28
47,29
48,27
49,30
50,37
51,28
52,25
53,26
54,29
55,28
56,32
57,27
58,25
59,29
60,26
61,25
62,29
63,33
64,30
65,34
66,30
67,31
68,30
69,33
70,31
71,27
72,26
73,26
74,31
75,29
76,30
77,31
78,26
79,24
80,28
81,32
82,31
83,30
84,27
85,28
86,30
87,31
88,31
89,26
90,26
91,29
92,28
93,30
94,26
95,29
96,33
97,28
98,32
99,30
2,117
3,81
4,36
5,46
6,45
7,44
8,32
9,34
10,46
11,37
12,57
13,37
14,47
15,31
16,33
17,31
18,34
19,32
20,37
21,28
22,31
23,36
24,31
25,36
26,32
27,32
28,25
29,40
30,25
31,33
32,29
33,31
34,26
35,31
36,31
37,30
38,29
39,28
40,28
41,28
42,33
43,29
44,26
45,25
46,28
47,26
48,29
49,31
50,30
51,28
52,28
53,28
54,27
55,26
56,27
57,28
58,28
59,28
60,28
61,28
62,33
63,27
64,23
65,32
66,31
67,28
68,28
69,27
70,28
71,28
72,30
73,26
74,30
75,28
76,29
77,23
78,26
79,24
80,26
81,26
82,27
83,27
84,33
85,28
86,26
87,28
88,29
89,28
90,30
91,27
92,28
93,29
94,26
95,28
96,26
97,28
98,26
99,28
2,555295
3,102
4,55
5,71
6,40
7,38
8,52
9,83
10,43
11,35
12,32
13,31
14,31
15,36
16,33
17,32
18,32
19,28
20,32
21,35
22,28
23,26
24,33
25,30
26,29
27,33
28,33
29,26
30,27
31,26
32,31
33,28
34,34
35,27
36,29
37,33
38,31
39,28
40,23
41,31
42,28
43,34
44,31
45,25
46,29
47,34
48,27
49,26
50,36
51,25
52,32
53,29
54,34
55,30
56,32
57,32
58,30
59,28
60,28
61,27
62,26
63,29
64,31
65,27
66,28
67,32
68,23
69,26
70,27
71,30
72,27
73,28
74,31
75,30
76,26
77,28
78,29
79,32
80,27
81,28
82,32
83,25
84,27
85,27
86,25
87,29
88,26
89,31
90,30
91,26
92,26
93,27
94,24
95,30
96,26
97,26
98,30
99,28
2,81
3,54
4,51
5,41
6,35
7,38
8,30
9,36
10,42
11,31
12,25
13,35
14,29
15,37
16,32
17,31
18,33
19,33
20,26
21,29
22,34
23,27
24,39
25,35
26,32
27,28
28,29
29,27
30,30
31,27
32,35
33,26
34,32
35,32
36,32
37,23
38,30
39,31
40,30
41,27
42,33
43,29
44,32
45,30
46,27
47,28
48,28
49,28
50,29
51,32
52,28
53,27
54,34
55,31
56,30
57,30
58,27
59,34
60,29
61,26
62,29
63,30
64,31
65,29
66,27
67,27
68,32
69,30
70,27
71,27
72,29
73,25
74,26
75,28
76,29
77,32
78,27
79,27
80,31
81,31
82,22
83,30
84,27
85,25
86,26
87,31
88,29
89,34
90,28
91,29
92,29
93,28
94,27
95,28
96,29
97,29
98,32
99,28
2,113
3,44
4,82
5,39
6,32
7,40
8,31
9,37
10,35
11,34
12,36
13,36
14,33
15,38
16,36
17,43
18,39
19,33
20,27
21,32
22,28
23,35
24,26
25,33
26,32
27,35
28,31
29,31
30,29
31,29
32,26
33,35
34,29
35,29
36,24
37,31
38,32
39,28
40,26
41,29
42,31
43,28
44,32
45,30
46,32
47,29
48,33
49,32
50,27
51,27
52,28
53,31
54,31
55,31
56,31
57,26
58,25
59,29
60,28
61,30
62,28
63,24
64,30
65,30
66,30
67,30
68,32
69,28
70,27
71,30
72,27
73,31
74,33
75,30
76,26
77,29
78,25
79,29
80,31
81,28
82,31
83,28
84,29
85,29
86,30
87,28
88,31
89,22
90,28
91,32
92,30
93,28
94,27
95,28
96,27
97,28
98,28
99,25
2,275
3,164
4,33
5,145
6,48
7,40
8,27
9,33
10,34
11,32
12,38
13,36
14,33
15,30
16,37
17,37
18,30
19,33
20,34
21,34
22,36
23,31
24,42
25,35
26,28
27,38
28,27
29,36
30,32
31,31
32,27
33,28
34,29
35,33
36,28
37,28
38,27
39,29
40,31
41,30
42,28
43,31
44,27
45,26
46,34
47,24
48,31
49,28
50,27
51,30
52,27
53,28
54,33
55,27
56,26
57,26
58,29
59,31
60,35
61,37
62,33
63,27
64,29
65,28
66,33
67,26
68,28
69,33
70,29
71,31
72,25
73,30
74,31
75,27
76,25
77,29
78,28
79,31
80,27
81,25
82,27
83,25
84,25
85,29
86,26
87,29
88,31
89,27
90,31
91,25
92,28
93,27
94,27
95,27
96,27
97,30
98,29
99,26
2,82
3,53
4,40
5,35
6,44
7,36
8,35
9,31
10,37
11,37
12,28
13,35
14,36
15,38
16,35
17,29
18,35
19,35
20,37
21,31
22,30
23,30
24,29
25,43
26,42
27,33
28,27
29,33
30,29
31,30
32,29
33,25
34,34
35,32
36,28
37,28
38,30
39,27
40,31
41,28
42,26
43,27
44,29
45,27
46,30
47,24
48,28
49,28
50,28
51,26
52,24
53,27
54,28
55,27
56,28
57,36
58,27
59,30
60,30
61,30
62,28
63,29
64,29
65,29
66,31
67,28
68,31
69,28
70,30
71,26
72,29
73,30
74,20
75,28
76,26
77,29
78,28
79,29
80,26
81,29
82,29
83,31
84,26
85,25
86,28
87,27
88,30
89,32
90,26
91,28
92,32
93,28
94,26
95,30
96,27
97,26
98,26
99,29
2,229
3,89
4,57
5,69
6,37
7,37
8,36
9,29
10,27
11,41
12,46
13,46
14,37
15,45
16,33
17,36
18,28
19,32
20,37
21,36
22,28
23,31
24,29
25,33
26,24
27,32
28,36
29,30
30,27
31,30
32,29
33,34
34,30
35,32
36,24
37,35
38,30
39,27
40,31
41,29
42,26
43,31
44,30
45,26
46,36
47,28
48,25
49,29
50,30
51,32
52,27
53,30
54,29
55,28
56,30
57,26
58,29
59,30
60,26
61,30
62,32
63,34
64,27
65,27
66,27
67,24
68,27
69,30
70,27
71,28
72,26
73,30
74,28
75,30
76,30
77,30
78,35
79,21
80,25
81,31
82,29
83,26
84,26
85,24
86,28
87,27
88,27
89,32
90,32
91,25
92,30
93,28
94,30
95,25
96,27
97,24
98,28
99,27
2,102
3,199
4,51
5,60
6,38
7,27
8,50
9,30
10,26
11,35
12,35
13,33
14,31
15,35
16,31
17,33
18,41
19,29
20,31
21,28
22,29
23,26
24,32
25,28
26,31
27,31
28,29
29,25
30,27
31,33
32,30
33,29
34,26
35,27
36,32
37,31
38,26
39,25
40,28
41,29
42,31
43,29
44,28
45,25
46,27
47,25
48,30
49,30
50,33
51,27
52,26
53,29
54,29
55,31
56,32
57,33
58,29
59,25
60,27
61,26
62,28
63,33
64,24
65,27
66,26
67,29
68,26
69,25
70,25
71,29
72,30
73,27
74,31
75,25
76,28
77,25
78,32
79,28
80,27
81,29
82,35
83,29
84,27
85,29
86,28
87,28
88,27
89,25
90,27
91,26
92,31
93,32
94,28
95,26
96,29
97,31
98,28
99,24
2,117
3,60
4,33
5,103
6,46
7,37
8,66
9,30
10,40
11,30
12,32
13,40
14,37
15,39
16,25
17,37
18,26
19,26
20,27
21,28
22,25
23,35
24,30
25,33
26,32
27,30
28,28
29,36
30,23
31,27
32,25
33,29
34,24
35,31
36,27
37,32
38,26
39,27
40,30
41,29
42,31
43,30
44,27
45,27
46,32
47,26
48,26
49,27
50,32
51,31
52,27
53,28
54,28
55,27
56,26
57,25
58,29
59,29
60,26
61,30
62,27
63,33
64,25
65,31
66,25
67,32
68,30
69,26
70,32
71,27
72,28
73,29
74,27
75,30
76,33
77,32
78,27
79,31
80,34
81,25
82,27
83,29
84,26
85,27
86,28
87,27
88,28
89,27
90,19
91,25
92,37
93,23
94,31
95,27
96,27
97,31
98,29
99,27
2,78
3,240
4,29
5,28
6,45
7,56
8,30
9,44
10,35
11,39
12,33
13,36
14,24
15,30
16,29
17,29
18,31
19,31
20,32
21,29
22,28
23,27
24,39
25,27
26,43
27,30
28,29
29,32
30,28
31,38
32,29
33,27
34,27
35,29
36,31
37,31
38,26
39,24
40,27
41,33
42,30
43,30
44,30
45,30
46,26
47,30
48,28
49,34
50,27
51,31
52,32
53,27
54,31
55,30
56,27
57,25
58,32
59,28
60,23
61,26
62,24
63,31
64,26
65,26
66,26
67,29
68,29
69,26
70,31
71,31
72,33
73,27
74,25
75,29
76,30
77,27
78,28
79,25
80,29
81,29
82,30
83,25
84,29
85,26
86,25
87,30
88,27
89,26
90,29
91,27
92,24
93,29
94,28
95,29
96,25
97,22
98,30
99,32
2,711407
3,71
4,55
5,52
6,38
7,49
8,41
9,39
10,35
11,41
12,36
13,36
14,40
15,31
16,25
17,31
18,33
19,25
20,37
21,32
22,39
23,26
24,29
25,33
26,24
27,34
28,35
29,27
30,27
31,35
32,30
33,26
34,33
35,27
36,33
37,32
38,27
39,34
40,34
41,28
42,30
43,27
44,29
45,29
46,30
47,28
48,31
49,26
50,26
51,27
52,28
53,32
54,28
55,29
56,31
57,27
58,27
59,27
60,28
61,29
62,25
63,32
64,32
65,34
66,28
67,34
68,30
69,31
70,28
71,27
72,28
73,28
74,25
75,27
76,31
77,26
78,30
79,35
80,31
81,27
82,28
83,31
84,28
85,26
86,27
87,28
88,30
89,24
90,30
91,27
92,30
93,29
94,29
95,28
96,24
97,25
98,27
99,29
2,216
3,532
4,38
5,30
6,36
7,48
8,34
9,29
10,38
11,31
12,42
13,29
14,35
15,26
16,45
17,32
18,34
19,33
20,37
21,31
22,51
23,25
24,31
25,33
26,33
27,35
28,26
29,30
30,29
31,26
32,26
33,29
34,27
35,28
36,27
37,26
38,28
39,30
40,30
41,27
42,36
43,30
44,37
45,34
46,27
47,26
48,26
49,30
50,27
51,28
52,27
53,25
54,27
55,33
56,28
57,30
58,28
59,28
60,26
61,28
62,33
63,29
64,32
65,28
66,26
67,33
68,29
69,28
70,29
71,31
72,22
73,36
74,29
75,28
76,29
77,28
78,27
79,33
80,30
81,27
82,30
83,23
84,28
85,26
86,26
87,30
88,26
89,26
90,29
91,28
92,26
93,24
94,27
95,28
96,30
97,32
98,31
99,27
2,204
3,81
4,37
5,37
6,54
7,44
8,39
9,48
10,33
11,50
12,49
13,33
14,46
15,34
16,31
17,31
18,31
19,32
20,46
21,26
22,35
23,34
24,29
25,33
26,28
27,27
28,28
29,38
30,35
31,27
32,35
33,24
34,33
35,25
36,33
37,33
38,29
39,24
40,29
41,30
42,29
43,29
44,33
45,30
46,32
47,36
48,27
49,28
50,26
51,30
52,30
53,28
54,30
55,36
56,31
57,35
58,31
59,29
60,33
61,27
62,28
63,31
64,26
65,29
66,29
67,28
68,28
69,29
70,26
71,31
72,29
73,29
74,25
75,30
76,30
77,27
78,26
79,27
80,30
81,31
82,22
83,28
84,31
85,27
86,30
87,32
88,31
89,24
90,26
91,25
92,25
93,28
94,28
95,21
96,21
97,30
98,28
99,31
2,197
3,91
4,99
5,37
6,52
7,40
8,38
9,30
10,40
11,34
12,31
13,34
14,36
15,43
16,29
17,33
18,39
19,31
20,28
21,33
22,32
23,28
24,27
25,28
26,34
27,27
28,36
29,33
30,30
31,31
32,29
33,30
34,30
35,30
36,29
37,29
38,30
39,31
40,31
41,31
42,27
43,29
44,31
45,24
46,29
47,32
48,31
49,34
50,29
51,28
52,29
53,30
54,29
55,30
56,33
57,31
58,30
59,28
60,24
61,26
62,30
63,32
64,29
65,29
66,27
67,23
68,31
69,27
70,30
71,31
72,35
73,24
74,26
75,28
76,30
77,27
78,26
79,26
80,30
81,27
82,28
83,32
84,25
85,26
86,27
87,29
88,26
89,30
90,20
91,24
92,33
93,28
94,28
95,25
96,27
97,30
98,26
99,28
2,108
3,36
4,55
5,417
6,40
7,59
8,38
9,36
10,45
11,37
12,32
13,55
14,33
15,31
16,44
17,33
18,28
19,36
20,31
21,51
22,32
23,32
24,26
25,30
26,33
27,32
28,30
29,26
30,37
31,29
32,26
33,32
34,30
35,24
36,37
37,33
38,33
39,32
40,31
41,29
42,27
43,33
44,28
45,29
46,31
47,30
48,29
49,28
50,24
51,29
52,27
53,23
54,30
55,27
56,27
57,28
58,26
59,32
60,26
61,30
62,30
63,31
64,25
65,32
66,29
67,30
68,30
69,28
70,31
71,32
72,27
73,27
74,29
75,29
76,30
77,27
78,29
79,27
80,30
81,30
82,22
83,27
84,30
85,33
86,25
87,28
88,27
89,30
90,31
91,28
92,29
93,25
94,28
95,24
96,28
97,32
98,25
99,31
2,80
3,42
4,47
5,45
6,33
7,35
8,48
9,36
10,43
11,42
12,29
13,33
14,28
15,31
16,65
17,36
18,28
19,37
20,31
21,33
22,28
23,27
24,31
25,26
26,31
27,30
28,31
29,27
30,44
31,26
32,31
33,29
34,32
35,27
36,36
37,35
38,31
39,28
40,27
41,31
42,31
43,25
44,31
45,33
46,25
47,28
48,27
49,35
50,28
51,28
52,35
53,29
54,30
55,23
56,28
57,29
58,30
59,28
60,27
61,27
62,30
63,28
64,28
65,28
66,28
67,30
68,31
69,27
70,26
71,35
72,26
73,24
74,33
75,30
76,27
77,26
78,27
79,28
80,30
81,24
82,28
83,28
84,25
85,28
86,22
87,25
88,28
89,26
90,34
91,30
92,26
93,28
94,30
95,28
96,26
97,29
98,29
99,29

